0 51 0.0
0 2 0.0
28 37 12.43
34 28 101.46
22 34 37.74
42 22 50.95
31 42 27.67
23 31 23.13
37 23 18.54
26 37 6.48
20 26 8.94
13 20 23.75
43 13 5.53
5 43 3.59
37 5 5.75
48 32 59.33
32 50 41.45
50 7 80.07
7 39 25.21
39 33 11.56
33 30 4.66
30 48 8.78
48 11 4.16
11 1 2.45
1 47 3.50
47 14 6.37
14 15 20.05
15 48 18.58
48 21 27.62
21 16 42.26
16 40 28.92
40 17 28.03
17 27 54.30
27 48 66.06
2 3 1.89
3 44 7.34
44 38 57.33
38 29 39.08
29 36 12.85
36 8 12.14
8 2 2.56
2 24 4.44
24 45 0.75
45 9 1.51
9 4 2.54
4 6 5.17
6 51 8.14
51 12 7.29
12 10 6.86
10 19 5.54
19 46 3.17
46 2 3.54
51 41 20.79
41 25 18.79
25 35 15.73
35 18 10.15
18 49 3.40
49 51 6.94
2 51 0.00
37 2 11.06
37 51 11.06
48 2 5.92
48 51 5.92